var <- 77 %% 65
var
